make: Nothing to be done for 'quick'.
Uploading program "Swerve-Drive" (Swerve-Drive) to V5 slot 1 on /dev/ttyACM0 (compressed)
Compressing library
Library is already onboard V5
Uploading slot_1.ini
Compressing binary
Uploading slot_1.bin (hot.package.bin)
Finished uploading "Swerve-Drive" (Swerve-Drive) to V5
Established terminal connection



         _+=+_
      .-`  .  `-.          8888888b.  8888888b.   .d88888b.   .d8888b.
   _+`     "     `+_       888   Y88b 888   Y88b d88P" "Y88b d88P  Y88b
  \\\sssssssssssss///      888    888 888    888 888     888 Y88b.
     .ss\  *  /ss.         888   d88P 888   d88P 888     888  "Y888b.
 .+bm  .s  *  s.  md+.     8888888P"  8888888P"  888     888     "Y88b.
.hMMMMs .  *  . sMMMMh.    888        888 T88b   888     888       "888
 `\hMMMb \ | / dMMMh:      888        888  T88b  Y88b. .d88P Y88b  d88P
   -SNMNo  -  oNMNs-       888        888   T88b  "Y88888P"   "Y8888P"
     `+dMh\./dMd/
        `:yNy:`                      Powered by PROS for VEX V5
           "                Copyright (c) Purdue University ACM SIGBots
Version:        4.1.1     Platform:  V1.1.5 (b18)     Uptime:    0.000 s
Compiled:   Oct 10 2025 15:37:37     Directory:                        


xVals = [4, 4, 4, 4, 4, 5, 4, 4, 5, 4, 4, 4, 4, 4, 5, 4, 5, 4, 4, 5, 4, 4, 5, 4, 5, 6, 9, 10, 11, 11, 12, 12, 12, 11, 11, 12, 12, 12, 11, 12, 11, 11, 11, 11, 11, 11, 11, 12, 12, 12, 12, 12, 11, 11, 12, 12, 12, 12, 12, 11, 11, 12, 12, 11, 11, 12, 17, 17, 17, 17, 17, 17, 17, 17, 17, 17, 17, 17, 17, 17, 17, 17, 17, 17, 17, 17, 18, 17, 18, 17, 17, 18, 17, 17, 18, 18, 17, 17, 17, 17, 18, 17, 17, 17, 17, 18, 17, 17, 17, 18, 21, 21, 23, 23, 23, 23, 21, 23, 23, 21, 21, 21, 21, 23, 21, 23, 21, 23, 21, 23, 23, 23, 23, 25, 31, 33, 33, 33, 33, 34, 34, 33, 34, 33, 34, 34, 34, 34, 34, 34, 34, 34, 34, 34, 34, 33, 34, 51, 67, 72, 72, 72, 72, 72, 72, 72, 72, 72, 72, 72, 72, 72, 72, 72, 72, 72, 72, 72, 72, 72, 72, 72, 72, 76, 76, 76, 79, 81, 89, 109, 127, 127, 127, 127, 127, 127, 127, 127, 127, 127, 127, 127, 127, 127, 127, 127, 127, 127, 127, 127, 127, 127, 127, 127, 127, 127, 127, 127, 127, 127, 127, 127, 127, 127, 127, 127, 127, 127, 127, 127, 127, 127, 127, 127, 127, 127, 127, 127, 126, 125, 116, 110, 107, 102, 97, 91, 87, 81, 76, 68, 65, 65, 63, 56, 37, 17, 13, 14, 14, 12, 6, 0, 0, 0, 0, 0, 0, 0, 0, 0, 0, 0, 0, 0, 0, 0, 0, -1, -1, 0, -1, -1, 0, -3, -8, -16, -25, -26, -26, -20, -17, -16, -16, -16, -17, -16, -16, -17, -17, -17, -22, -30, -32, -33, -33, -32, -31, -33, -32, -33, -33, -33, -33, -32, -32, -33, -33, -34, -36, -39, -48, -48, -47, -50, -48, -47, -48, -47, -48, -47, -48, -59, -67, -74, -74, -75, -74, -74, -74, -73, -74, -74, -74, -73, -73, -73, -74, -75, -74, -73, -74, -73, -75, -74, -75, -77, -87, -94, -97, -101, -101, -101, -100, -101, -101, -101, -100, -101, -103, -108, -117, -118, -118, -117, -118, -118, -118, -118, -117, -118, -123, -127, -127, -127, -127, -127, -127, -127, -127, -127, -127, -127, -127, -127, -127, -127, -127, -127, -127, -127, -127, -127, -127, -127, -127, -127, -127, -127, -127, -127, -127, -127, -127, -127, -127, -127, -127, -127, -127, -127, -127, -127, -127, -127, -127, -127, -127, -127, -127, -127, -127, -127, -127, -127, -127, -127, -127, -127, -127, -127, -127, -127, -127, -127, -127, -127, -127, -127, -127, -127, -127, -127, -127, -127, -127, -127, -127, -127, -127, -127, -127, -127, -127, -127, -127, -127, -127, -127, -117, -115, -115, -115, -114, -115, -115, -109, -104, -87, -84, -82, -82, -81, -73, -69, -63, -62, -62, -61, -60, -60, -55, -50, -41, -31, -13, 0, 0, 0, 0, 0, 0, 0, 0, 0, 0, 0, 0, 0, 0, 2, 6, 10, 14, 16, 16, 16, 16, 16, 14, 14, 14, 14, 14, 14, 14, 14, 14, 14, 14, 14, 14, 14, 13, 14, 14, 14, 14, 13, 14, 14, 14, 13, 14, 14, 14, 14, 14, 14, 13, 14, 14, 14, 14, 14, 14, 14, 14, 14, 14, 14, 14, 14, 14, 14, 14, 21, 28, 30, 30, 31, 30, 30, 30, 30, 30, 31, 31, 30, 30, 31, 30, 30, 30, 30, 30, 30, 30, 31, 31, 30, 30, 31, 31, 30, 30, 30, 30, 31, 30, 30, 31, 30, 31, 30, 31, 30, 30, 30, 30, 30, 31, 30, 31, 31, 30, 30, 31, 30, 31, 30, 30, 31, 30, 30, 30, 30, 31, 31, 31, 30, 31, 30, 30, 30, 30, 31, 30, 30, 31, 31, 31, 31, 31, 31, 31, 30, 31, 31, 30, 31, 30, 40, 49, 52, 52, 52, 52, 52, 52, 52, 52, 52, 52, 53, 54, 59, 61, 62, 65, 69, 70, 73, 73, 74, 74, 74, 74, 74, 74, 74, 74, 74, 74, 74, 76, 77, 77, 79, 77, 79, 79, 80, 81, 81, 82, 87, 95, 98, 100, 100, 101, 108, 112, 116, 118, 121, 125, 127, 127, 127, 127, 127, 127, 127, 127, 127, 127, 127, 127, 127, 127, 127, 127, 127, 127, 127, 127, 127, 127, 127, 127, 127, 127, 127, 127, 127, 127, 127, 126, 117, 115, 115, 112, 109, 108, 104, 98, 91, 86, 84, 84, 83, 83, 83, 83, 82, 63, 53, 51, 45, 41, 39, 34, 30, 24, 18, 13, 6, 2, 0, 0, 0, 0, 0, 0, 0, 0, 0, 0, 0, 0, 0, 0, 0, 0, 0, 0, 0, 0, 0, 0, 0, 0, 0, 0, 0, 0, 0, 0, -2, -6, -6, -6, -8, -8, -6, -10, -16, -19, -22, -22, -23, -23, -23, -23, -23, -23, -23, -23, -23, -23, -23, -23, -23, -23, -22, -23, -22, -22, -23, -23, -23, -23, -23, -24, -23, -22, -23, -23, -25, -30, -36, -38, -39, -38, -38, -39, -39, -38, -39, -38, -39, -39, -40, -39, -40, -39, -40, -38, -43, -51, -53, -57, -55, -57, -59, -66, -73, -73, -73, -72, -73, -73, -72, -73, -73, -73, -73, -74, -72, -80, -81, -81, -81, -81, -82, -81, -82, -82, -83, -84, -86, -84, -84, -84, -86, -88, -93, -100, -108, -110, -111, -111, -111, -112, -110, -112, -111, -114, -116, -118, -124, -127, -127, -127, -127, -127, -127, -127, -127, -127, -127, -127, -127, -127, -127, -127, -127, -127, -127, -127, -127, -127, -127, -127, -127, -127, -127, -127, -127, -127, -127, -127, -127, -127, -125, -127, -127, -127, -124, -124, -124, -121, -119, -114, -98, -91, -84, -76, -69, -39, 0, 0, 0, 0, 0, 0, 0, 0, 0, 0, 0, 0, 0, 0, 0, 0, 0, 0, 0, 0, 0, 0, 0, 0, 0, 0, 0, 0, 0, 0, 0, 0, 0, 0, 0, 0, 0, 0, 0, 0, 0, 0, ]
xVals = y-269.992, -269.997, -269.86, -269.15, -267.698, -266.576, -265.743, -264.598, -263.28, -262.373, -261.376, -260.155, -259.487, -259.264, -259.218, -259.131, -258.85, -258.361, -257.873, -257.197, -256.74, -256.321, -255.854, -255.746, -255.635, -255.434, -255.282, -254.746, -253.049, -249.966, -245.338, -238.993, -232.193, -224.171, -215.105, -205.844, -196.239, -186.369, -176.554, -166.641, -157.096, -147.95, -138.881, -129.588, -120.145, -110.402, -100.625, -90.762, -80.8649, -71.1736, -61.0837, -50.6626, -39.8401, -28.9224, -18.7748, -9.01321, 0.468499, 10.3035, 20.3699, 30.5867, 40.9107, 50.914, 60.6454, 70.1718, 79.8071, 89.2816, -261.43, -251.926, -241.89, -230.898, -219.261, -207.625, -195.615, -183.31, -171.009, -158.696, -146.652, -137.073, -125.307, -113.308, -100.894, -88.4505, -75.9778, -63.3675, -50.8496, -38.2909, -25.8899, -13.79, -1.82145, 9.99592, 21.5923, 32.9232, 44.2397, 55.672, 67.2349, 79.1549, -269.156, -257.597, -245.499, -233.16, -220.81, -208.732, -196.822, -185.124, -173.799, -162.86, -151.938, -140.878, -129.524, -118.082, -106.567, -94.8137, -83.8206, -72.2478, -61.0187, -49.7626, -38.1943, -26.7695, -15.6847, -4.98587, 5.76804, 16.2101, 26.8827, 37.9958, 49.1823, 59.8022, 70.0332, 80.0909, -269.836, -259.727, -249.568, -239.405, -228.747, -218.044, -207.001, -195.423, -183.871, -172.298, -160.742, -149.175, -137.673, -126.124, -114.37, -102.39, -90.473, -78.1232, -65.5444, -53.2418, -41.1766, -29.288, -17.2357, -5.20116, 6.38737, 15.1686, 26.1407, 37.2435, 48.5109, 59.8523, 71.3224, 83.036, -265.251, -253.555, -241.696, -229.714, -217.568, -205.403, -193.465, -182.129, -171.042, -159.765, -148.404, -137.116, -125.842, -114.363, -102.611, -90.6243, -78.4689, -66.0455, -53.6173, -40.864, -28.4124, -16.5132, -4.80703, 6.62867, 18.0461, 29.4223, 40.6799, 51.9193, 63.2222, 74.6787, 86.0133, -263.107, -251.73, -239.843, -227.948, -215.956, -204.053, -192.071, -180.319, -168.748, -157.373, -146.356, -135.292, -124.04, -112.381, -100.515, -88.5147, -76.4244, -64.2659, -51.9057, -39.4789, -27.1594, -15.0294, -3.11322, 8.33598, 19.4094, 30.3837, 41.2769, 52.4971, 63.807, 75.2188, 86.5056, -262.117, -250.436, -238.477, -226.543, -214.631, -202.872, -191.325, -180.086, -171.256, -160.124, -148.929, -137.684, -126.241, -114.879, -103.321, -91.3801, -79.1464, -66.6775, -54.2589, -41.9928, -29.9292, -18.1081, -6.59551, 4.56101, 15.6784, 26.9173, 38.1895, 49.1312, 60.1136, 71.4366, 83.05, -265.137, -253.382, -241.457, -229.743, -218.063, -206.91, -196.648, -185.962, -175.581, -165.833, -158.141, -152.756, -150.987, -151.566, -152.582, -152.852, -152.436, -152.177, -152.36, -152.456, -152.395, -152.367, -152.333, -152.326, -152.384, -152.437, -152.557, -153.28, -154.202, -154.722, -154.705, -154.457, -154.214, -155.542, -159.686, -166.053, -173.415, -181.476, -190.18, -199.582, -209.757, -220.342, -231.669, -244.106, -256.611, -269.312, 77.6581, 64.8342, 51.7425, 38.5705, 25.0966, 11.6109, -1.72172, -14.9049, -25.6971, -39.2699, -52.949, -66.7815, -80.6391, -94.4962, -108.109, -121.697, -135.567, -149.582, -163.348, -177.125, -190.963, -204.495, -218.002, -231.352, -244.612, -257.271, -269.979, 77.4329, 65.1686, 53.235, 41.441, 29.6919, 18.0336, 6.63026, -4.49702, -16.4239, -28.9489, -41.8685, -54.7759, -67.9518, -81.5072, -95.0908, -108.745, -122.415, -136.321, -150.239, -164.079, -177.716, -191.471, -205.182, -218.951, -232.675, -246.508, -260.262, 86.0351, 72.1479, 58.4608, 44.9076, 31.3209, 17.5485, 3.78933, -9.66379, -23.2226, -36.8724, -50.6512, -64.1213, -77.5578, -90.8299, -104.32, -118.185, -132.121, -146.067, -159.896, -173.105, -185.987, -199.303, -212.093, -224.309, -236.958, -250.048, -263.369, 83.9909, 71.8239, 58.9945, 45.8545, 35.3283, 21.9529, 8.32397, -5.28702, -18.7808, -32.1754, -45.769, -59.5337, -73.0721, -86.5026, -100.003, -113.764, -127.547, -141.488, -155.284, -169.121, -182.767, -196.295, -210.02, -223.592, -237.279, -250.939, -264.414, 81.857, 68.1987, 54.2964, 40.1647, 26.5181, 12.7076, -1.16834, -15.1262, -28.7923, -42.2593, -55.8524, -69.392, -82.8531, -96.1732, -109.86, -123.598, -137.258, -151.108, -164.9, -178.733, -192.369, -206.062, -219.838, -233.555, -247.049, -260.507, 85.9774, 72.4432, 58.8772, 45.4683, 31.7944, 18.1251, 4.31874, -9.5964, -23.4464, -37.0018, -50.5945, -64.446, -78.0131, -91.5004, -104.876, -118.633, -132.473, -146.01, -159.751, -173.464, -187.303, -200.936, -214.417, -227.861, -241.378, -255.056, -268.663, 77.8451, 67.0349, 53.6659, 40.129, 26.3329, 12.6005, -1.05759, -14.7452, -28.6703, -42.378, -55.4469, -67.9506, -80.7435, -93.6155, -106.728, -120.051, -133.406, -146.95, -160.353, -173.939, -187.073, -200.061, -213.069, -225.904, -238.738, -251.91, -264.751, 82.2816, 68.9835, 55.5154, 41.91, 28.4455, 14.7385, 1.08182, -12.3488, -25.5548, -38.6449, -50.6669, -59.5228, -63.6938, -64.057, -62.5154, -61.4187, -61.6948, -62.5585, -62.9273, -62.5324, -62.1183, -62.2387, -62.5626, -62.6123, -62.255, -61.4447, -58.9218, -54.3309, -49.7829, -44.5155, -38.4338, -31.0397, -22.7136, -14.7274, -5.74019, 3.89474, 13.5138, 23.2492, 33.2039, 43.795, 54.7773, 66.1886, 77.6167, 89.2238, -258.683, -246.5, -234.232, -222.556, -211.708, -200.611, -188.862, -179.05, -167.688, -157.408, -146.428, -134.533, -123.076, -112.502, -101.455, -89.8211, -77.8635, -65.7488, -53.6168, -41.8492, -31.1061, -20.3662, -8.70861, 3.34839, 15.2688, 27.0589, 39.0178, 51.4526, 63.8444, 75.998, 88.0349, -260.198, -248.357, -236.454, -224.533, -212.598, -201.257, -190.24, -178.716, -166.794, -154.675, -142.435, -130.085, -117.674, -105.261, -92.9571, -80.7377, -68.4899, -56.3679, -44.6954, -33.3563, -21.9145, -10.3693, 1.31186, 12.8908, 24.3773, 35.908, 47.5291, 59.3048, 71.1734, 83.032, -265.203, -253.755, -242.537, -231.302, -220.004, -208.493, -196.665, -184.866, -172.994, -161.145, -149.345, -137.241, -125.074, -112.755, -100.787, -89.2384, -77.6178, -66.1088, -54.7563, -43.5499, -32.5051, -21.4021, -10.2681, -1.43854, 9.4294, 20.4193, 31.6383, 43.1796, 54.6029, 65.7245, 76.7426, 87.7959, -261.034, -249.935, -238.949, -227.743, -216.594, -205.341, -193.877, -182.554, -170.916, -158.811, -146.41, -134.039, -121.913, -109.904, -97.965, -86.1234, -74.4229, -63.0635, -52.0485, -40.8609, -29.8314, -18.6671, -7.51762, 3.61093, 14.9041, 26.0829, 37.2228, 48.5461, 59.8265, 71.3938, 82.5964, -266.78, -256.388, -246.082, -235.62, -224.749, -213.722, -202.264, -190.691, -178.881, -166.779, -154.545, -142.337, -130.084, -117.894, -105.728, -93.8708, -82.52, -71.2446, -60.0604, -48.9065, -37.7101, -26.5652, -15.5257, -4.85298, 5.88548, 16.9663, 28.08, 39.3986, 50.8619, 62.4164, 73.8451, 84.8007, -264.212, -253.193, -242.133, -231.112, -220.196, -211.361, -200.023, -188.638, -176.871, -165.582, -154.707, -143.361, -132.105, -121.364, -110.429, -99.6132, -88.6467, -77.5799, -66.3728, -55.0545, -43.7948, -33.0092, -22.0203, -11.0368, 0.016598, 11.1884, 22.3287, 33.6918, 45.0048, 56.213, 67.557, 78.6531, 89.8176, -258.863, -247.685, -236.691, -226.014, -215.099, -203.688, -192.103, -180.548, -168.806, -156.852, -144.766, -132.672, -120.63, -108.593, -96.7368, -84.9208, -73.312, -62.1619, -51.1552, -40.0266, -28.7637, -17.9001, -8.02866, 2.23465, 12.9434, 23.7199, 34.8655, 46.0451, 56.7203, 67.2687, 77.9819, 88.3449, -261.19, -250.789, -240.225, -229.377, -218.308, -206.846, -196.271, -185.45, -174.108, -162.296, -151.206, -140.411, -129.438, -117.813, -106.703, -96.0593, -85.6118, -75.8945, -69.3061, -63.5641, -60.7749, -60.9864, -62.0616, -62.5245, -62.2878, -61.9536, -61.8892, -61.9997, -62.1395, -62.1443, -61.9855, -61.9524, -62.0777, -62.0877, -61.9833, -61.9619, -62.0175, -62.0374, -61.985, -61.947, -61.9982, -62.0303, -61.9664, -61.9552, -62.0117, -62.0152, -61.9689, -61.9797, -61.9959, -62.1057, -63.0899, -65.0943, -67.6496, -71.107, -75.3711, -79.2918, -83.5411, -89.0951, -96.5531, -105.29, -115.161, -125.907, -137.221, -148.433, -159.913, -171.849, -183.954, -196.191, -208.635, -221.433, -234.348, -247.369, -260.547, 85.8597, 71.9997, 58.4589, 44.8858, 31.6004, 18.1324, 4.58696, -8.85432, -22.3159, -35.7583, -49.3585, -62.7022, -75.4317, -88.1371, -101.259, -114.615, -127.999, -141.263, -154.543, -167.893, -181.102, -194.413, -204.963, -218.44, -232.119, -245.489, -258.938, 87.4443, 73.7327, 60.0067, 46.4662, 32.8298, 19.3446, 5.99523, -7.23582, -20.7961, -34.4449, -48.1157, -61.6345, -75.153, -89.0481, -102.711, -116.115, -129.62, -143.221, -157.048, -170.801, -184.343, -197.808, -211.195, -224.703, -238.494, -251.939, -265.448, 81.028, 67.3538, 53.7493, 40.3877, 26.8084, 13.2502, -0.308408, -13.7585, -26.8808, -39.8991, -52.7989, -66.1105, -79.5394, -92.9514, -105.956, -118.617, -131.553, -145.054, -157.986, -170.857, -183.982, -197.023, -210.197, -223.355, -236.475, -249.967, -263.398, 83.2271, 70.0231, 56.6363, 43.0672, 29.6008, 15.9675, 2.42723, -11.0397, -24.3962, -37.587, -50.9859, -64.3051, -77.909, -91.5818, -105.343, -119.086, -132.682, -146.171, -157.109, -170.911, -184.395, -197.754, -210.935, -224.238, -237.74, -251.235, -264.854, 81.6806, 68.36, 55.0093, 41.6585, 28.3973, 15.1763, 1.8907, -11.5653, -25.0396, -38.3895, -51.7008, -65.3549, -79.1189, -92.6341, -106.034, -119.571, -133.098, -146.438, -159.583, -172.931, -186.344, -199.672, -212.933, -226.387, -239.323, -252.019, -264.465, 83.5591, 71.1528, 58.0668, 45.9875, 37.1782, 33.0122, 32.8479, 34.5148, 35.6449, 35.6008, 34.8287, 34.4357, 34.5822, 34.7447, 34.7464, 34.7277, 34.8516, 34.9305, 34.8143, 34.667, 34.6829, 34.8567, 34.8817, 34.7741, 34.7657, 34.8391, 34.8256, 34.7761, 34.8025, 34.8226, 34.7857, 34.8007, 34.7994, 34.7532, 34.787, 34.8167, 34.7825, 34.7597, 34.7871, 34.7843, 34.7799, 34.7708, 34.7588, ]
WARNING - pros.serial.terminal.terminal:reader - Connection to /dev/ttyACM1 broken - pros-cli version:3.5.5
WARNING - pros.serial.terminal.terminal:stop - Stopping terminal - pros-cli version:3.5.5
